0 0.268333 0.605000 0.450000 0.663333
0 0.616667 0.678333 0.120000 0.150000
0 0.748333 0.693333 0.090000 0.173333
0 0.886667 0.670000 0.100000 0.140000
0 0.613333 0.313333 0.086667 0.140000
0 0.613333 0.501667 0.093333 0.136667
0 0.750000 0.513333 0.120000 0.173333
0 0.616667 0.133333 0.106667 0.160000
0 0.750000 0.131667 0.100000 0.163333
0 0.886667 0.135000 0.100000 0.163333
0 0.753333 0.316667 0.113333 0.140000
0 0.885000 0.308333 0.103333 0.163333
0 0.885000 0.501667 0.103333 0.176667
0 0.755000 0.871667 0.090000 0.163333
0 0.883333 0.871667 0.106667 0.170000
