0 0.086000 0.641479 0.148000 0.311897
0 0.214000 0.641479 0.128000 0.299035
0 0.349000 0.649518 0.130000 0.282958
0 0.490000 0.647910 0.124000 0.299035
0 0.630000 0.649518 0.116000 0.308682
0 0.763000 0.670418 0.118000 0.318328
0 0.917000 0.672026 0.130000 0.315113
0 0.125000 0.442122 0.142000 0.144695
0 0.247000 0.424437 0.118000 0.109325
0 0.377000 0.427653 0.118000 0.154341
0 0.493000 0.435691 0.094000 0.118971
0 0.619000 0.434084 0.118000 0.122186
0 0.739000 0.429260 0.110000 0.138264
0 0.875000 0.459807 0.126000 0.160772
0 0.135000 0.310289 0.106000 0.099678
0 0.255000 0.302251 0.110000 0.115756
0 0.377000 0.297428 0.110000 0.112540
0 0.493000 0.300643 0.102000 0.118971
0 0.612000 0.305466 0.104000 0.128617
0 0.720000 0.316720 0.112000 0.131833
0 0.840000 0.327974 0.120000 0.109325
0 0.154000 0.213826 0.096000 0.112540
0 0.175000 0.123794 0.106000 0.073955
0 0.281000 0.107717 0.094000 0.073955
0 0.384000 0.120579 0.104000 0.093248
0 0.490000 0.120579 0.092000 0.080386
0 0.597000 0.122186 0.098000 0.102894
0 0.693000 0.127010 0.094000 0.086817
0 0.801000 0.136656 0.102000 0.086817
