0 0.143000 0.790000 0.154000 0.288000
0 0.331000 0.802000 0.162000 0.248000
0 0.509000 0.794000 0.166000 0.248000
0 0.690000 0.811000 0.200000 0.294000
0 0.864000 0.806000 0.180000 0.284000
0 0.139000 0.494000 0.190000 0.252000
0 0.316000 0.492000 0.168000 0.296000
0 0.503000 0.510000 0.178000 0.284000
0 0.691000 0.502000 0.170000 0.288000
0 0.863000 0.490000 0.174000 0.268000
0 0.144000 0.214000 0.156000 0.304000
0 0.322000 0.202000 0.168000 0.284000
0 0.510000 0.191000 0.160000 0.270000
0 0.688000 0.198000 0.160000 0.272000
0 0.865000 0.198000 0.170000 0.292000
